# logA ns theta_MC_100 ombh2 omch2 mnu nnu w wa tau A_act P_act
1.924066676654881099e-04 5.076795769524735513e-05 -1.324673231282482295e-06 1.108539527001795263e-06 1.240470336278339126e-05 3.422086908855547535e-04 1.004106569418547956e-03 5.082616436157762121e-04 6.727606293572589106e-04 6.713735950616659418e-05 1.026342559833458623e-05 6.016794051074016549e-06
5.076795769524735513e-05 5.766796187586437409e-05 -8.937070040707553204e-07 1.040053594729427518e-06 8.621268487048231409e-06 -1.817882140092840642e-04 8.974120240923190613e-04 4.824188064665710157e-04 -8.669380429643771049e-04 1.161505158789396854e-05 7.806731809176518937e-07 6.136960633131271992e-06
-1.324673231282482295e-06 -8.937070040707553204e-07 1.101491994888328615e-07 -1.678037530214635922e-08 -4.424972871027773406e-07 -5.753684266110450514e-06 -2.518204113580697705e-05 -3.835612360959828206e-06 9.908552519192735268e-06 -7.832164316154938627e-08 8.764714694586223111e-09 -1.196194021259591558e-07
1.108539527001795263e-06 1.040053594729427518e-06 -1.678037530214635922e-08 3.331242436325846731e-08 1.922458557303541487e-07 -4.609698577305225269e-06 1.939240581878052706e-05 1.094924114754060734e-05 -1.761281129452832987e-05 2.276116296281846388e-07 1.613522281661209609e-10 9.201699386956083118e-08
1.240470336278339126e-05 8.621268487048231409e-06 -4.424972871027773406e-07 1.922458557303541487e-07 4.592821489209112757e-06 3.410310039801674545e-05 2.419385650442831457e-04 4.370720330850480398e-05 1.388205497522690602e-05 1.127597633046537157e-07 -3.575918062429616083e-07 1.267565473863763705e-06
3.422086908855547535e-04 -1.817882140092840642e-04 -5.753684266110450514e-06 -4.609698577305225269e-06 3.410310039801674545e-05 9.425041479639264391e-03 -1.305411050590807179e-03 -8.057792364213891070e-03 -7.209969597148812269e-03 6.032416462208049421e-05 7.992817996155914797e-05 -1.278971261969451519e-05
1.004106569418547956e-03 8.974120240923190613e-04 -2.518204113580697705e-05 1.939240581878052706e-05 2.419385650442831457e-04 -1.305411050590807179e-03 1.846954720033545591e-02 6.976955197216471415e-03 -9.747128817716230534e-03 1.383826397485374748e-04 3.401211637250059276e-06 1.117396883572766106e-04
5.082616436157762121e-04 4.824188064665711241e-04 -3.835612360959829053e-06 1.094924114754060734e-05 4.370720330850480398e-05 -8.057792364213892805e-03 6.976955197216471415e-03 3.138493914031644794e-01 -5.127614498747284921e-01 9.440824042483028059e-05 7.923739416449428446e-05 4.669527618893971232e-05
6.727606293572590190e-04 -8.669380429643771049e-04 9.908552519192733574e-06 -1.761281129452832987e-05 1.388205497522689247e-05 -7.209969597148811402e-03 -9.747128817716230534e-03 -5.127614498747284921e-01 1.760717063178376396e+00 2.396254288208381970e-04 8.045409819336293150e-05 -6.681590965457931267e-05
6.713735950616659418e-05 1.161505158789396854e-05 -7.832164316154938627e-08 2.276116296281846388e-07 1.127597633046537289e-07 6.032416462208049421e-05 1.383826397485374748e-04 9.440824042483029414e-05 2.396254288208381970e-04 3.475599625269044636e-05 -1.393450360622438782e-06 7.571553551756433692e-07
1.026342559833458623e-05 7.806731809176518937e-07 8.764714694586223111e-09 1.613522281661209609e-10 -3.575918062429616083e-07 7.992817996155914797e-05 3.401211637250059276e-06 7.923739416449428446e-05 8.045409819336293150e-05 -1.393450360622438782e-06 7.218371092922376482e-06 3.438083578968611578e-08
6.016794051074016549e-06 6.136960633131271992e-06 -1.196194021259591558e-07 9.201699386956083118e-08 1.267565473863763705e-06 -1.278971261969451519e-05 1.117396883572766106e-04 4.669527618893971909e-05 -6.681590965457931267e-05 7.571553551756433692e-07 3.438083578968611578e-08 6.901070066839008503e-06
