# logA ns theta_MC_100 ombh2 omch2 mnu nnu w wa tau A_act P_act
1.779059058159837830e-04 5.077894004483483496e-05 -1.272606875135938364e-06 1.121107971388057090e-06 1.139324330575241290e-05 2.066702161390471693e-04 9.798732067623685399e-04 -3.343796583206093886e-04 1.310936068025097883e-03 6.454118362542196033e-05 7.016391728096566758e-06 5.169735505340628551e-06
5.077894004483483496e-05 4.299954535240823759e-05 -1.088765516859730515e-06 7.091544409453358124e-07 9.788350415349791124e-06 4.802642645501272557e-05 7.496198764434099061e-04 -2.588867987751357173e-04 1.049437170897144812e-03 1.011760812398647516e-05 1.581032314708511819e-06 4.824554781896664543e-06
-1.272606875135938364e-06 -1.088765516859730515e-06 1.021534658833051952e-07 -2.118821195936783510e-08 -4.123672549957568690e-07 -1.671617948639524596e-06 -2.697720674928311531e-05 7.855208293975848761e-07 -4.833215096150600203e-06 -1.076181022890234613e-07 3.435823808369668750e-08 -1.404434511197726596e-07
1.121107971388057090e-06 7.091544409453358124e-07 -2.118821195936783510e-08 2.557773035184465748e-08 2.165142702566439445e-07 7.854742008723882902e-07 1.606162392129375054e-05 -5.845039467750590688e-06 2.367693885214870527e-05 1.887943122593376225e-07 3.104903717929966049e-08 6.405553683511079869e-08
1.139324330575241290e-05 9.788350415349791124e-06 -4.123672549957568690e-07 2.165142702566439445e-07 4.426582792911775427e-06 6.555901764392259510e-06 2.535763821209450607e-04 -1.570257485061715016e-05 6.844961464784699110e-05 1.843724686544623709e-07 -7.552954829021688788e-07 1.313508999107590902e-06
2.066702161390471693e-04 4.802642645501272557e-05 -1.671617948639524596e-06 7.854742008723881843e-07 6.555901764392259510e-06 2.250697034972032502e-03 7.871500673874755067e-04 2.631324172972449721e-03 -1.030568462792694380e-02 6.205348844049494268e-05 3.136058837403649487e-05 6.690462006761963914e-06
9.798732067623685399e-04 7.496198764434099061e-04 -2.697720674928311531e-05 1.606162392129375054e-05 2.535763821209450607e-04 7.871500673874755067e-04 1.703097717190820565e-02 -3.841008107871171987e-03 1.577210477698090876e-02 1.205017254303593550e-04 2.881553107903626090e-06 9.717157786188674088e-05
-3.343796583206094428e-04 -2.588867987751357173e-04 7.855208293975846643e-07 -5.845039467750590688e-06 -1.570257485061715016e-05 2.631324172972449721e-03 -3.841008107871171987e-03 4.416341231240232534e-02 -1.267614473980099854e-01 -8.269137681879914375e-05 -4.767075145920587854e-05 -3.175215128831244098e-05
1.310936068025097883e-03 1.049437170897144812e-03 -4.833215096150600203e-06 2.367693885214870188e-05 6.844961464784699110e-05 -1.030568462792694380e-02 1.577210477698090876e-02 -1.267614473980099854e-01 3.853107456152329302e-01 3.448218778210645737e-04 1.584065984210248788e-04 1.247544092878452387e-04
6.454118362542196033e-05 1.011760812398647516e-05 -1.076181022890234613e-07 1.887943122593376225e-07 1.843724686544623709e-07 6.205348844049494268e-05 1.205017254303593550e-04 -8.269137681879914375e-05 3.448218778210645737e-04 3.391546119962539525e-05 -1.855418127907287757e-06 4.668005122196557359e-07
7.016391728096566758e-06 1.581032314708511819e-06 3.435823808369668750e-08 3.104903717929966049e-08 -7.552954829021688788e-07 3.136058837403649487e-05 2.881553107903626513e-06 -4.767075145920587854e-05 1.584065984210249059e-04 -1.855418127907287757e-06 6.552228469942157673e-06 -4.431905422050933655e-08
5.169735505340628551e-06 4.824554781896664543e-06 -1.404434511197726596e-07 6.405553683511079869e-08 1.313508999107590902e-06 6.690462006761963914e-06 9.717157786188674088e-05 -3.175215128831244098e-05 1.247544092878452658e-04 4.668005122196557359e-07 -4.431905422050933655e-08 6.650261787640240088e-06
