# logA ns theta_MC_100 ombh2 omch2 mnu nnu w wa tau A_act P_act
1.723985456137684246e-04 4.967794441840982163e-05 -1.237968175069162686e-06 1.128051802941488256e-06 1.159653728931384171e-05 1.069169894840086356e-04 9.752430505103664923e-04 -1.073695751040978431e-04 7.857282284802613722e-04 6.267844273064515290e-05 5.969537620378777748e-06 6.456898814654828573e-06
4.967794441840982163e-05 4.361259528926200507e-05 -1.045139117736000136e-06 7.275323735344780371e-07 9.583433305739170519e-06 2.903273831985790426e-05 7.447382385217362136e-04 -7.172166509226153813e-05 5.323802124972533498e-04 1.020990975942648427e-05 1.330590512416919473e-06 5.188167516027781037e-06
-1.237968175069162686e-06 -1.045139117736000136e-06 1.006710375263606636e-07 -2.091628603558970923e-08 -3.903855849178132030e-07 -1.044264188933731858e-06 -2.555142538360122073e-05 6.049441202615312484e-07 -4.516918683434054428e-06 -1.206250801807034502e-07 2.894781675820708671e-08 -1.312301495363795398e-07
1.128051802941488256e-06 7.275323735344780371e-07 -2.091628603558970923e-08 2.693926604339207445e-08 2.202967647520893631e-07 4.343857659046469676e-07 1.634304206562512521e-05 -1.517594325599895353e-06 1.179125890435822811e-05 1.950765013694098984e-07 2.453848047102561055e-08 7.037253366434716183e-08
1.159653728931384171e-05 9.583433305739170519e-06 -3.903855849178132030e-07 2.202967647520893631e-07 4.379476329359144679e-06 3.783652894016267154e-06 2.499973933920829729e-04 -6.147424891888485449e-06 4.404357994461826004e-05 4.039772669652338841e-07 -7.746770435855463784e-07 1.388079453225726022e-06
1.069169894840086356e-04 2.903273831985790426e-05 -1.044264188933731858e-06 4.343857659046468617e-07 3.783652894016267154e-06 1.318439468175218454e-03 4.713602748639777020e-04 3.005450933057239224e-04 -2.382555341366974794e-03 3.132749688709281845e-05 1.653839097826143080e-05 5.587615517089769339e-06
9.752430505103664923e-04 7.447382385217362136e-04 -2.555142538360122073e-05 1.634304206562512521e-05 2.499973933920829729e-04 4.713602748639777020e-04 1.680588583873656242e-02 -1.093802709187071754e-03 8.125919359413619203e-03 1.290263976454484912e-04 -3.834550155008561301e-07 1.019243762249856630e-04
-1.073695751040978431e-04 -7.172166509226153813e-05 6.049441202615312484e-07 -1.517594325599895353e-06 -6.147424891888485449e-06 3.005450933057239224e-04 -1.093802709187071754e-03 3.135880608730076940e-03 -1.131475904384879327e-02 -2.864477667529217379e-05 -1.308936171680673792e-05 -8.998618754382775638e-06
7.857282284802613722e-04 5.323802124972532414e-04 -4.516918683434054428e-06 1.179125890435822811e-05 4.404357994461826004e-05 -2.382555341366975228e-03 8.125919359413619203e-03 -1.131475904384879327e-02 5.194570954230583876e-02 2.205628906095381239e-04 8.690993711101604189e-05 6.389280887727365090e-05
6.267844273064515290e-05 1.020990975942648427e-05 -1.206250801807034502e-07 1.950765013694098984e-07 4.039772669652339370e-07 3.132749688709281845e-05 1.290263976454484912e-04 -2.864477667529217379e-05 2.205628906095381239e-04 3.330023444899799932e-05 -2.443787271001040045e-06 9.270447026476524342e-07
5.969537620378777748e-06 1.330590512416919473e-06 2.894781675820708671e-08 2.453848047102561055e-08 -7.746770435855463784e-07 1.653839097826143080e-05 -3.834550155008561301e-07 -1.308936171680673453e-05 8.690993711101606899e-05 -2.443787271001040045e-06 6.630043034377238918e-06 2.621495907614550280e-08
6.456898814654828573e-06 5.188167516027781037e-06 -1.312301495363795398e-07 7.037253366434716183e-08 1.388079453225726022e-06 5.587615517089769339e-06 1.019243762249856630e-04 -8.998618754382775638e-06 6.389280887727363735e-05 9.270447026476524342e-07 2.621495907614550280e-08 6.838833580883630604e-06
