# logA ns theta_MC_100 ombh2 omch2 mnu nnu w wa tau A_act P_act
1.705112300061805320e-04 4.709480336994551234e-05 -1.120836790590781525e-06 1.040071525529572564e-06 1.023221050874271369e-05 1.508128002797642832e-04 8.928427634440819606e-04 -1.099778263704728314e-04 7.453231337333053467e-04 6.363072416662016899e-05 6.127986434810667438e-06 5.322525844383134616e-06
4.709480336994551234e-05 4.241400519055153149e-05 -1.024024851863065694e-06 6.845386117583420906e-07 9.549501243467963855e-06 3.692116615080127544e-05 7.270421501314708497e-04 -7.364061694015965065e-05 5.308306711935321075e-04 8.996227032227395481e-06 1.398081950382612580e-06 4.707127452461658638e-06
-1.120836790590781525e-06 -1.024024851863065694e-06 1.072659467770084474e-07 -1.988109770110102126e-08 -4.019482402237893249e-07 -8.345312777955917587e-07 -2.560611024888784072e-05 9.004046042852258424e-10 -1.424068628944989097e-06 -6.989166706799184868e-08 4.572983754519907370e-08 -1.138726513921279816e-07
1.040071525529572564e-06 6.845386117583420906e-07 -1.988109770110102126e-08 2.494338096874006654e-08 2.061684023313961343e-07 7.018487592376257226e-07 1.525000574951733564e-05 -1.479889834625905658e-06 1.103769533717689831e-05 1.749105566767962931e-07 2.383147014860705458e-08 5.529212853146289257e-08
1.023221050874271369e-05 9.549501243467963855e-06 -4.019482402237893249e-07 2.061684023313961343e-07 4.410599000815420341e-06 5.163213188609722214e-06 2.479816123079757353e-04 -3.415860321631378930e-06 2.566633008619840676e-05 -3.497536810947750233e-07 -7.143157481046213153e-07 1.218848589999777818e-06
1.508128002797642832e-04 3.692116615080126866e-05 -8.345312777955917587e-07 7.018487592376256167e-07 5.163213188609722214e-06 1.623974470639374511e-03 5.886527940309949818e-04 5.056846512644498724e-04 -3.469037940811575682e-03 4.834684058311307858e-05 1.865917054911664724e-05 7.030942204587237023e-06
8.928427634440819606e-04 7.270421501314708497e-04 -2.560611024888784072e-05 1.525000574951733564e-05 2.479816123079757353e-04 5.886527940309949818e-04 1.640872150666567580e-02 -1.048283953755667222e-03 7.579521487625927138e-03 9.439253401056187163e-05 -1.808794158439212558e-06 8.962609256713982445e-05
-1.099778263704728314e-04 -7.364061694015965065e-05 9.004046042852258424e-10 -1.479889834625905658e-06 -3.415860321631378930e-06 5.056846512644499808e-04 -1.048283953755667222e-03 3.630569184129050272e-03 -1.383469712472653462e-02 -3.488131503940572296e-05 -1.239216963517242942e-05 -8.659719130756587626e-06
7.453231337333053467e-04 5.308306711935321075e-04 -1.424068628944989097e-06 1.103769533717689831e-05 2.566633008619840676e-05 -3.469037940811575682e-03 7.579521487625927138e-03 -1.383469712472653462e-02 6.485206516889596706e-02 2.387534329627591465e-04 7.809724562851531101e-05 5.636830520051962820e-05
6.363072416662016899e-05 8.996227032227395481e-06 -6.989166706799184868e-08 1.749105566767962931e-07 -3.497536810947750233e-07 4.834684058311307858e-05 9.439253401056187163e-05 -3.488131503940572296e-05 2.387534329627591194e-04 3.447982958171576766e-05 -2.087351422970048690e-06 6.024842132857149751e-07
6.127986434810667438e-06 1.398081950382612580e-06 4.572983754519907370e-08 2.383147014860705458e-08 -7.143157481046213153e-07 1.865917054911664724e-05 -1.808794158439212558e-06 -1.239216963517242942e-05 7.809724562851531101e-05 -2.087351422970048690e-06 6.287504601838436841e-06 4.699015705002387293e-08
5.322525844383134616e-06 4.707127452461658638e-06 -1.138726513921279816e-07 5.529212853146289257e-08 1.218848589999777818e-06 7.030942204587237023e-06 8.962609256713982445e-05 -8.659719130756587626e-06 5.636830520051962820e-05 6.024842132857149751e-07 4.699015705002387293e-08 6.728636829192385663e-06
